*Vertices 16
  1 "Acciaiuoli"                             0.2024    0.1006    0.5000
  2 "Albizzi"                                0.3882    0.4754    0.5000
  3 "Barbadori"                              0.1633    0.7413    0.5000
  4 "Bischeri"                               0.6521    0.5605    0.5000
  5 "Castellani"                             0.6178    0.9114    0.5000
  6 "Ginori"                                 0.3018    0.5976    0.5000
  7 "Guadagni"                               0.5219    0.5006    0.5000
  8 "Lamberteschi"                           0.4533    0.6299    0.5000
  9 "Medici"                                 0.2876    0.3521    0.5000
 10 "Pazzi"                                  0.0793    0.2587    0.5000
 11 "Peruzzi"                                0.6509    0.7365    0.5000
 12 "Pucci"                                  0.4083    0.1186    0.5000
 13 "Ridolfi"                                0.6308    0.2060    0.5000
 14 "Salviati"                               0.0734    0.4455    0.5000
 15 "Strozzi"                                0.8639    0.5832    0.5000
 16 "Tornabuoni"                             0.5633    0.3713    0.5000
*Edges
  1   9 1 
  2   6 1 
  2   7 1 
  2   9 1 
  3   5 1 
  3   9 1 
  4   7 1 
  4  11 1 
  4  15 1 
  5  11 1 
  5  15 1 
  7   8 1 
  7  16 1 
  9  13 1 
  9  14 1 
  9  16 1 
 10  14 1 
 11  15 1 
 13  15 1 
 13  16 1 
